#Res        AtomicFlx
   1.000       6.3995
   2.000       4.6560
   3.000       3.2677
   4.000       3.1767
   5.000       4.0672
   6.000       3.5024
   7.000       2.0538
   8.000       2.6025
   9.000       3.0617
  10.000       2.1859
  11.000       1.4899
  12.000       2.3743
  13.000       2.4687
  14.000       1.5673
  15.000       1.5989
  16.000       2.1975
  17.000       1.8858
  18.000       1.3969
  19.000       1.8616
  20.000       1.9525
  21.000       1.7309
  22.000       2.0182
  23.000       2.2578
  24.000       2.1089
  25.000       1.8607
  26.000       1.5686
  27.000       1.5821
  28.000       0.8900
  29.000       1.1923
  30.000       0.8130
  31.000       0.7960
  32.000       0.7920
  33.000       0.7276
  34.000       0.6594
  35.000       0.7508
  36.000       0.8025
  37.000       0.6947
  38.000       0.7811
  39.000       0.9062
  40.000       0.8671
  41.000       0.8224
  42.000       0.9828
  43.000       1.0937
  44.000       1.1212
  45.000       1.1693
  46.000       1.8614
  47.000       1.8594
  48.000       2.0187
  49.000       2.9689
  50.000       3.4862
  51.000       3.0183
  52.000       3.4368
  53.000       3.3359
  54.000       3.0534
  55.000       3.4232
  56.000       3.6861
  57.000       3.1024
  58.000       2.5526
  59.000       2.0769
  60.000       1.2183
  61.000       0.8646
  62.000       0.7330
  63.000       0.6446
  64.000       0.6094
  65.000       0.5639
  66.000       0.6339
  67.000       0.8228
  68.000       1.4078
  69.000       1.6515
  70.000       1.9367
  71.000       1.5369
  72.000       1.2395
  73.000       0.9505
  74.000       0.6857
  75.000       0.6590
  76.000       0.6403
  77.000       0.6190
  78.000       0.5914
  79.000       0.7026
  80.000       0.7744
  81.000       0.9131
  82.000       0.8149
  83.000       0.8945
  84.000       1.0404
  85.000       1.0847
  86.000       1.2448
  87.000       1.0922
  88.000       0.9417
  89.000       1.1231
  90.000       1.1720
  91.000       0.9951
  92.000       1.0432
  93.000       1.4573
  94.000       1.4984
  95.000       1.3679
  96.000       1.4552
  97.000       1.3528
  98.000       1.4016
  99.000       1.7392
 100.000       2.3107
 101.000       3.2787
 102.000       4.0434
 103.000       4.4254
 104.000       3.9340
 105.000       4.3393
 106.000       5.3540
 107.000       5.1421
 108.000       5.4814
 109.000       4.9088
 110.000       5.3536
 111.000       5.7247
 112.000       6.2326
 113.000       6.0921
 114.000       6.5407
 115.000       5.2596
 116.000       3.6498
 117.000       2.2046
 118.000       1.8193
 119.000       1.7843
 120.000       1.2766
 121.000       1.0738
 122.000       1.4289
 123.000       1.3176
 124.000       1.1828
 125.000       1.2341
 126.000       1.1395
 127.000       1.1054
 128.000       0.9718
 129.000       0.9850
 130.000       1.0848
 131.000       0.9116
 132.000       1.4432
 133.000       1.6851
 134.000       1.2597
 135.000       0.8494
 136.000       0.9890
 137.000       0.9622
 138.000       0.7956
 139.000       0.7454
 140.000       0.6981
 141.000       0.6601
 142.000       0.6722
 143.000       0.7791
 144.000       0.9107
 145.000       1.4186
 146.000       1.6626
 147.000       1.2768
 148.000       1.1190
 149.000       0.8555
 150.000       0.8402
 151.000       0.8194
 152.000       0.8493
 153.000       0.9388
 154.000       1.1309
 155.000       1.4934
 156.000       2.3029
 157.000       1.5092
 158.000       1.2785
 159.000       1.1193
 160.000       1.0986
 161.000       1.0289
 162.000       1.0642
 163.000       1.0729
 164.000       1.0358
 165.000       1.3802
 166.000       1.3744
 167.000       1.2805
 168.000       1.1080
 169.000       1.1679
 170.000       1.0287
 171.000       1.0853
 172.000       0.8437
 173.000       0.7049
 174.000       0.6028
 175.000       0.5838
 176.000       0.6656
 177.000       0.6778
 178.000       0.6868
 179.000       0.9441
 180.000       1.0718
 181.000       1.4756
 182.000       1.9517
 183.000       2.2123
 184.000       1.6140
 185.000       1.6949
 186.000       2.0748
 187.000       2.1455
 188.000       1.6925
 189.000       1.2688
 190.000       1.0703
 191.000       1.1673
 192.000       1.2075
 193.000       0.9319
 194.000       0.9369
 195.000       1.1514
 196.000       1.1021
 197.000       0.9730
 198.000       1.1078
 199.000       1.2079
 200.000       1.1089
 201.000       1.0601
 202.000       1.2687
 203.000       1.1861
 204.000       1.0314
 205.000       1.3130
 206.000       0.9377
 207.000       0.9250
 208.000       0.7385
 209.000       0.7075
 210.000       0.6534
 211.000       0.6995
 212.000       0.8483
 213.000       1.1297
 214.000       1.8550
 215.000       2.7834
 216.000       4.1025
 217.000       5.3451
 218.000       5.3801
 219.000       4.5751
 220.000       3.3123
 221.000       2.1133
 222.000       1.5665
 223.000       1.1728
 224.000       1.0921
 225.000       0.9126
 226.000       0.9502
 227.000       0.9726
 228.000       1.1628
 229.000       1.7961
