#Res        AtomicFlx
   1.000       5.9144
   2.000       4.4261
   3.000       2.4692
   4.000       1.3051
   5.000       0.9959
   6.000       1.1011
   7.000       1.4517
   8.000       1.6690
   9.000       1.7619
  10.000       1.4490
  11.000       1.4129
  12.000       1.4252
  13.000       1.0901
  14.000       1.1160
  15.000       1.4053
  16.000       1.3405
  17.000       1.1841
  18.000       1.4761
  19.000       1.6984
  20.000       1.7865
  21.000       1.9664
  22.000       1.5103
  23.000       1.8863
  24.000       1.7405
  25.000       1.4304
  26.000       1.0863
  27.000       1.0554
  28.000       0.9115
  29.000       0.8111
  30.000       0.6843
  31.000       0.6738
  32.000       0.6634
  33.000       0.6548
  34.000       0.6591
  35.000       0.7265
  36.000       0.7673
  37.000       0.7211
  38.000       0.7976
  39.000       0.8655
  40.000       0.7867
  41.000       0.7546
  42.000       0.8935
  43.000       0.9583
  44.000       0.9550
  45.000       1.0400
  46.000       1.3319
  47.000       1.4878
  48.000       1.6539
  49.000       2.2470
  50.000       2.5559
  51.000       2.6986
  52.000       3.2011
  53.000       3.3120
  54.000       3.1081
  55.000       3.6852
  56.000       4.4451
  57.000       4.2918
  58.000       3.7324
  59.000       2.5995
  60.000       1.1329
  61.000       0.8071
  62.000       0.7755
  63.000       0.6751
  64.000       0.6355
  65.000       0.5854
  66.000       0.6234
  67.000       0.7623
  68.000       1.1376
  69.000       1.4390
  70.000       1.6830
  71.000       1.2373
  72.000       0.9897
  73.000       0.6814
  74.000       0.5761
  75.000       0.5726
  76.000       0.5725
  77.000       0.6160
  78.000       0.6489
  79.000       0.6792
  80.000       0.6928
  81.000       0.7191
  82.000       0.6352
  83.000       0.6891
  84.000       0.8629
  85.000       0.9402
  86.000       1.0097
  87.000       0.9056
  88.000       0.9264
  89.000       1.2848
  90.000       1.4298
  91.000       1.2404
  92.000       0.8268
  93.000       1.1716
  94.000       1.2675
  95.000       1.7690
  96.000       1.9944
  97.000       2.2911
  98.000       2.9438
  99.000       2.7775
 100.000       2.2917
 101.000       2.3155
 102.000       2.0912
 103.000       1.4892
 104.000       1.2781
 105.000       1.6183
 106.000       1.3104
 107.000       1.0492
 108.000       1.4764
 109.000       1.9000
 110.000       1.8357
 111.000       2.1348
 112.000       2.8515
 113.000       3.1250
 114.000       3.2184
 115.000       2.8118
 116.000       2.7331
 117.000       1.8351
 118.000       2.1541
 119.000       2.6171
 120.000       1.8400
 121.000       1.9052
 122.000       3.1659
 123.000       2.8934
 124.000       2.6190
 125.000       2.6236
 126.000       1.6542
 127.000       1.2374
 128.000       0.9252
 129.000       0.8420
 130.000       0.8442
 131.000       0.7519
 132.000       0.8500
 133.000       0.9990
 134.000       0.8703
 135.000       0.7158
 136.000       0.7225
 137.000       0.6238
 138.000       0.5670
 139.000       0.5557
 140.000       0.5441
 141.000       0.5392
 142.000       0.5496
 143.000       0.6670
 144.000       0.7498
 145.000       1.3164
 146.000       1.4998
 147.000       1.1498
 148.000       0.9593
 149.000       0.7019
 150.000       0.6707
 151.000       0.6780
 152.000       0.6511
 153.000       0.6310
 154.000       0.6539
 155.000       0.7795
 156.000       0.9206
 157.000       0.9886
 158.000       0.9024
 159.000       0.7787
 160.000       0.8189
 161.000       0.7969
 162.000       0.9234
 163.000       0.9849
 164.000       0.9722
 165.000       1.3866
 166.000       1.3796
 167.000       1.2951
 168.000       0.9836
 169.000       1.0431
 170.000       0.9190
 171.000       1.0132
 172.000       0.8056
 173.000       0.6449
 174.000       0.5546
 175.000       0.5586
 176.000       0.5719
 177.000       0.5476
 178.000       0.5584
 179.000       0.6341
 180.000       0.7764
 181.000       0.9338
 182.000       1.3126
 183.000       1.5540
 184.000       1.1183
 185.000       1.2371
 186.000       1.9341
 187.000       2.3637
 188.000       1.9456
 189.000       1.1935
 190.000       1.1020
 191.000       1.0540
 192.000       0.9927
 193.000       0.8439
 194.000       0.8360
 195.000       0.9420
 196.000       0.9476
 197.000       0.8813
 198.000       1.0089
 199.000       1.1501
 200.000       1.1728
 201.000       1.1259
 202.000       1.3171
 203.000       1.3589
 204.000       1.0969
 205.000       1.2926
 206.000       0.9322
 207.000       0.8758
 208.000       0.7086
 209.000       0.7077
 210.000       0.6667
 211.000       0.7073
 212.000       0.8324
 213.000       1.0726
 214.000       1.6031
 215.000       2.7297
 216.000       4.2763
 217.000       5.9575
 218.000       6.2130
 219.000       4.7195
 220.000       3.5097
 221.000       2.2156
 222.000       1.4975
 223.000       1.1029
 224.000       1.0452
 225.000       0.8870
 226.000       0.9050
 227.000       0.8776
 228.000       1.0314
 229.000       1.6644
