#Res        AtomicFlx
   1.000       6.6341
   2.000       4.7318
   3.000       2.6508
   4.000       1.3301
   5.000       0.9987
   6.000       1.1059
   7.000       1.3587
   8.000       1.4685
   9.000       1.4839
  10.000       1.2142
  11.000       1.0086
  12.000       1.0394
  13.000       0.9157
  14.000       0.8291
  15.000       0.8594
  16.000       1.0232
  17.000       0.9644
  18.000       0.9378
  19.000       1.1225
  20.000       1.4177
  21.000       1.5081
  22.000       1.0241
  23.000       1.1298
  24.000       1.3332
  25.000       1.1498
  26.000       0.9406
  27.000       0.8496
  28.000       0.8029
  29.000       0.7439
  30.000       0.6483
  31.000       0.6191
  32.000       0.6373
  33.000       0.6480
  34.000       0.6557
  35.000       0.7063
  36.000       0.7630
  37.000       0.7165
  38.000       0.7823
  39.000       0.8418
  40.000       0.7801
  41.000       0.7317
  42.000       0.8759
  43.000       0.9090
  44.000       1.0439
  45.000       1.4606
  46.000       1.7321
  47.000       1.6132
  48.000       1.8965
  49.000       2.7239
  50.000       2.9040
  51.000       2.7489
  52.000       3.4059
  53.000       3.5088
  54.000       3.3441
  55.000       3.9470
  56.000       4.5683
  57.000       4.6254
  58.000       3.3782
  59.000       2.3389
  60.000       1.2124
  61.000       0.8085
  62.000       0.7177
  63.000       0.6375
  64.000       0.6200
  65.000       0.5693
  66.000       0.6209
  67.000       0.7271
  68.000       1.1034
  69.000       1.2896
  70.000       1.5394
  71.000       1.1540
  72.000       0.9184
  73.000       0.6622
  74.000       0.5592
  75.000       0.5702
  76.000       0.5653
  77.000       0.6091
  78.000       0.6274
  79.000       0.6950
  80.000       0.8343
  81.000       1.1429
  82.000       0.7798
  83.000       0.7493
  84.000       0.8997
  85.000       0.9995
  86.000       1.1085
  87.000       0.9944
  88.000       1.0016
  89.000       1.3632
  90.000       1.4865
  91.000       1.3801
  92.000       1.1120
  93.000       1.1898
  94.000       1.2676
  95.000       1.8856
  96.000       2.0493
  97.000       2.0096
  98.000       2.2609
  99.000       1.9849
 100.000       1.6606
 101.000       1.7587
 102.000       1.6833
 103.000       1.3040
 104.000       1.1940
 105.000       1.3305
 106.000       1.2724
 107.000       1.0791
 108.000       1.1654
 109.000       1.3534
 110.000       1.4534
 111.000       1.5023
 112.000       1.7824
 113.000       2.0540
 114.000       2.1585
 115.000       2.0048
 116.000       2.0025
 117.000       1.2712
 118.000       1.0810
 119.000       1.1782
 120.000       1.1326
 121.000       1.0496
 122.000       1.2649
 123.000       1.3578
 124.000       1.2645
 125.000       1.1664
 126.000       0.8409
 127.000       0.9671
 128.000       0.7252
 129.000       0.6189
 130.000       0.6604
 131.000       0.6127
 132.000       0.6887
 133.000       0.7825
 134.000       0.6918
 135.000       0.6247
 136.000       0.7122
 137.000       0.6356
 138.000       0.5563
 139.000       0.5391
 140.000       0.5117
 141.000       0.5078
 142.000       0.5451
 143.000       0.7246
 144.000       0.8638
 145.000       1.2524
 146.000       1.5808
 147.000       1.2119
 148.000       1.0023
 149.000       0.7290
 150.000       0.6616
 151.000       0.6382
 152.000       0.6357
 153.000       0.6184
 154.000       0.6615
 155.000       0.8642
 156.000       1.1996
 157.000       1.0358
 158.000       0.9003
 159.000       0.7739
 160.000       0.8120
 161.000       0.7810
 162.000       0.9001
 163.000       0.9714
 164.000       0.9641
 165.000       1.4155
 166.000       1.4502
 167.000       1.3699
 168.000       1.0165
 169.000       1.0231
 170.000       0.8974
 171.000       1.0446
 172.000       0.8528
 173.000       0.6633
 174.000       0.5597
 175.000       0.5595
 176.000       0.5444
 177.000       0.5319
 178.000       0.5455
 179.000       0.6061
 180.000       0.6576
 181.000       0.8282
 182.000       1.1431
 183.000       1.3330
 184.000       0.9540
 185.000       1.0308
 186.000       1.1066
 187.000       1.0755
 188.000       1.0085
 189.000       0.9267
 190.000       0.9390
 191.000       0.9470
 192.000       0.8579
 193.000       0.7434
 194.000       0.8028
 195.000       0.8622
 196.000       0.8438
 197.000       0.8267
 198.000       0.9691
 199.000       1.0881
 200.000       1.0853
 201.000       0.9929
 202.000       1.4043
 203.000       1.7633
 204.000       1.2101
 205.000       1.2719
 206.000       0.9010
 207.000       0.8566
 208.000       0.6600
 209.000       0.6562
 210.000       0.6260
 211.000       0.6789
 212.000       0.7795
 213.000       1.0148
 214.000       1.5330
 215.000       2.1176
 216.000       3.6545
 217.000       5.2697
 218.000       5.4997
 219.000       4.6924
 220.000       3.0039
 221.000       1.8819
 222.000       1.3832
 223.000       1.0537
 224.000       0.9720
 225.000       0.8222
 226.000       0.8350
 227.000       0.7854
 228.000       0.8976
 229.000       1.5965
