#Res        AtomicFlx
   1.000       3.3639
   2.000       2.2184
   3.000       1.1558
   4.000       0.8742
   5.000       0.8602
   6.000       0.9481
   7.000       0.7813
   8.000       0.8391
   9.000       0.8353
  10.000       0.7666
  11.000       0.6384
  12.000       0.7266
  13.000       0.7097
  14.000       0.6307
  15.000       0.7243
  16.000       0.8261
  17.000       0.7552
  18.000       0.7163
  19.000       0.9586
  20.000       1.1111
  21.000       1.1279
  22.000       1.2932
  23.000       1.0584
  24.000       1.3098
  25.000       1.1884
  26.000       0.8155
  27.000       0.7911
  28.000       0.7291
  29.000       0.6470
  30.000       0.6276
  31.000       0.6336
  32.000       0.5339
  33.000       0.4874
  34.000       0.4992
  35.000       0.5402
  36.000       0.5413
  37.000       0.4920
  38.000       0.5506
  39.000       0.6107
  40.000       0.5366
  41.000       0.4974
  42.000       0.6164
  43.000       0.6569
  44.000       0.6031
  45.000       0.7644
  46.000       0.9676
  47.000       1.0196
  48.000       1.1452
  49.000       1.6075
  50.000       1.7595
  51.000       1.4732
  52.000       1.4339
  53.000       1.3620
  54.000       1.1993
  55.000       1.3858
  56.000       1.5652
  57.000       1.4986
  58.000       1.4348
  59.000       1.4533
  60.000       0.8128
  61.000       0.5609
  62.000       0.5424
  63.000       0.4835
  64.000       0.4799
  65.000       0.4739
  66.000       0.5194
  67.000       0.6036
  68.000       0.8555
  69.000       1.0291
  70.000       1.1805
  71.000       0.9146
  72.000       0.6743
  73.000       0.5292
  74.000       0.4712
  75.000       0.4905
  76.000       0.4612
  77.000       0.4660
  78.000       0.4166
  79.000       0.4461
  80.000       0.4746
  81.000       0.5211
  82.000       0.5484
  83.000       0.7294
  84.000       0.9710
  85.000       1.1666
  86.000       1.2597
  87.000       1.2845
  88.000       1.2698
  89.000       1.1061
  90.000       1.2448
  91.000       1.1639
  92.000       1.0219
  93.000       1.3010
  94.000       1.3499
  95.000       1.2763
  96.000       0.9037
  97.000       0.8809
  98.000       0.9687
  99.000       0.8289
 100.000       0.6520
 101.000       0.8164
 102.000       0.8757
 103.000       0.7052
 104.000       0.8123
 105.000       1.0262
 106.000       0.9872
 107.000       0.9744
 108.000       1.3423
 109.000       1.4662
 110.000       1.5688
 111.000       1.0584
 112.000       0.9809
 113.000       0.7949
 114.000       0.8841
 115.000       0.7953
 116.000       0.6425
 117.000       0.8529
 118.000       0.9651
 119.000       0.9291
 120.000       0.9505
 121.000       0.6767
 122.000       0.5951
 123.000       0.5316
 124.000       0.4948
 125.000       0.5227
 126.000       0.5197
 127.000       0.5584
 128.000       0.6035
 129.000       0.5909
 130.000       0.5506
 131.000       0.6581
 132.000       0.5752
 133.000       0.4996
 134.000       0.5008
 135.000       0.5130
 136.000       0.4834
 137.000       0.5008
 138.000       0.5469
 139.000       0.6237
 140.000       0.9571
 141.000       1.1752
 142.000       0.9558
 143.000       0.8288
 144.000       0.6174
 145.000       0.6607
 146.000       0.6325
 147.000       0.5545
 148.000       0.5566
 149.000       0.6133
 150.000       1.0587
 151.000       1.9211
 152.000       2.1124
 153.000       1.6759
 154.000       0.9659
 155.000       0.6281
 156.000       0.6029
 157.000       0.6149
 158.000       0.8248
 159.000       1.1712
 160.000       1.0234
 161.000       1.7185
 162.000       1.6125
 163.000       1.5186
 164.000       1.1829
 165.000       0.9950
 166.000       1.2353
 167.000       0.5535
 168.000       0.4869
 169.000       0.4402
 170.000       0.4794
 171.000       0.4697
 172.000       0.4650
 173.000       0.4790
 174.000       0.4936
 175.000       0.5312
 176.000       0.6694
 177.000       0.8744
 178.000       1.0069
 179.000       0.7550
 180.000       0.8240
 181.000       0.9507
 182.000       0.9666
 183.000       0.8316
 184.000       0.8622
 185.000       0.8930
 186.000       0.9113
 187.000       0.8008
 188.000       0.6684
 189.000       0.8123
 190.000       0.9051
 191.000       0.8984
 192.000       0.9910
 193.000       1.1813
 194.000       1.4639
 195.000       1.7274
 196.000       1.9897
 197.000       1.6801
 198.000       1.3440
 199.000       0.9415
 200.000       1.1444
 201.000       0.7200
 202.000       0.7048
 203.000       0.6636
 204.000       0.7327
 205.000       0.7511
 206.000       1.8238
 207.000       2.4358
 208.000       3.4396
 209.000       4.2878
 210.000       5.7183
