#Res        AtomicFlx
   1.000       2.2773
   2.000       1.4886
   3.000       1.1443
   4.000       0.8693
   5.000       0.9117
   6.000       1.2286
   7.000       1.3729
   8.000       1.6862
   9.000       1.7259
  10.000       1.6008
  11.000       1.3321
  12.000       1.3273
  13.000       1.2634
  14.000       1.0409
  15.000       1.0447
  16.000       1.2261
  17.000       1.0699
  18.000       0.9942
  19.000       1.3671
  20.000       1.6136
  21.000       1.7798
  22.000       2.2745
  23.000       1.8797
  24.000       2.1206
  25.000       1.7504
  26.000       1.0634
  27.000       1.2701
  28.000       1.0909
  29.000       0.9950
  30.000       1.0153
  31.000       1.0134
  32.000       1.0108
  33.000       0.9663
  34.000       0.8762
  35.000       0.9202
  36.000       1.0893
  37.000       0.8506
  38.000       0.8511
  39.000       1.1050
  40.000       0.9581
  41.000       0.7972
  42.000       1.1376
  43.000       1.2848
  44.000       1.1307
  45.000       1.3840
  46.000       1.8042
  47.000       1.8598
  48.000       1.9574
  49.000       2.4554
  50.000       2.3798
  51.000       2.0062
  52.000       2.1401
  53.000       1.9330
  54.000       1.9042
  55.000       2.2678
  56.000       2.3550
  57.000       1.9314
  58.000       1.6533
  59.000       1.5073
  60.000       1.0272
  61.000       0.7535
  62.000       0.6333
  63.000       0.5351
  64.000       0.4919
  65.000       0.4733
  66.000       0.5192
  67.000       0.6140
  68.000       0.7235
  69.000       0.8767
  70.000       1.0990
  71.000       0.9212
  72.000       0.7186
  73.000       0.5475
  74.000       0.4698
  75.000       0.4971
  76.000       0.5044
  77.000       0.5170
  78.000       0.5210
  79.000       0.5455
  80.000       0.6286
  81.000       0.7119
  82.000       0.6635
  83.000       1.0513
  84.000       1.4015
  85.000       1.4521
  86.000       1.6394
  87.000       1.5605
  88.000       1.4683
  89.000       1.7450
  90.000       2.0952
  91.000       2.7216
  92.000       2.5908
  93.000       2.4333
  94.000       2.2730
  95.000       1.8645
  96.000       1.6332
  97.000       1.5804
  98.000       1.6488
  99.000       1.4371
 100.000       1.1759
 101.000       1.3937
 102.000       1.5153
 103.000       1.1823
 104.000       1.3532
 105.000       1.7716
 106.000       1.7006
 107.000       1.6237
 108.000       2.2025
 109.000       2.4309
 110.000       2.4141
 111.000       1.5906
 112.000       1.2415
 113.000       0.9627
 114.000       1.1246
 115.000       1.1511
 116.000       0.8946
 117.000       1.3467
 118.000       1.4698
 119.000       1.3582
 120.000       1.4924
 121.000       1.1390
 122.000       0.9546
 123.000       1.0958
 124.000       0.8355
 125.000       0.6655
 126.000       0.6973
 127.000       0.6788
 128.000       0.6776
 129.000       0.6553
 130.000       0.5991
 131.000       0.6855
 132.000       0.6013
 133.000       0.5360
 134.000       0.5080
 135.000       0.5294
 136.000       0.5090
 137.000       0.5133
 138.000       0.5805
 139.000       0.7273
 140.000       1.1167
 141.000       1.4340
 142.000       1.1161
 143.000       0.9916
 144.000       0.6825
 145.000       0.6029
 146.000       0.6212
 147.000       0.5688
 148.000       0.5500
 149.000       0.6316
 150.000       1.4026
 151.000       2.1560
 152.000       2.4174
 153.000       1.8590
 154.000       1.0404
 155.000       0.6420
 156.000       0.6271
 157.000       0.6718
 158.000       0.7666
 159.000       0.9480
 160.000       0.8868
 161.000       1.4752
 162.000       1.3685
 163.000       1.4255
 164.000       1.2298
 165.000       0.9698
 166.000       1.2216
 167.000       0.6171
 168.000       0.5224
 169.000       0.4903
 170.000       0.5014
 171.000       0.4932
 172.000       0.4807
 173.000       0.4895
 174.000       0.5168
 175.000       0.5630
 176.000       0.6985
 177.000       0.9116
 178.000       1.0585
 179.000       0.8307
 180.000       0.9706
 181.000       1.0225
 182.000       0.9420
 183.000       0.8942
 184.000       1.0015
 185.000       0.9864
 186.000       1.1172
 187.000       0.9264
 188.000       0.7470
 189.000       0.8049
 190.000       0.9490
 191.000       0.9677
 192.000       1.0120
 193.000       1.2315
 194.000       1.5391
 195.000       1.8369
 196.000       2.0727
 197.000       1.6985
 198.000       1.3932
 199.000       1.0017
 200.000       1.1866
 201.000       0.8092
 202.000       0.7625
 203.000       0.6812
 204.000       0.6771
 205.000       0.6565
 206.000       1.0172
 207.000       1.8175
 208.000       2.6557
 209.000       3.1916
 210.000       4.5189
