#Res        AtomicFlx
   1.000       2.6384
   2.000       1.4711
   3.000       1.0490
   4.000       0.7759
   5.000       0.7784
   6.000       0.9575
   7.000       0.9497
   8.000       1.3511
   9.000       1.5035
  10.000       1.4377
  11.000       1.1325
  12.000       1.0958
  13.000       1.1616
  14.000       1.0263
  15.000       1.0107
  16.000       1.1466
  17.000       1.0076
  18.000       0.8916
  19.000       1.2118
  20.000       1.3631
  21.000       1.3402
  22.000       1.4467
  23.000       1.2407
  24.000       1.4373
  25.000       1.3924
  26.000       0.9385
  27.000       0.9493
  28.000       0.9254
  29.000       0.8509
  30.000       0.8078
  31.000       0.7852
  32.000       0.7641
  33.000       0.6996
  34.000       0.6595
  35.000       0.7083
  36.000       0.7858
  37.000       0.6814
  38.000       0.6740
  39.000       0.7655
  40.000       0.6821
  41.000       0.6226
  42.000       0.7687
  43.000       0.7979
  44.000       0.7422
  45.000       0.9202
  46.000       1.1466
  47.000       1.1539
  48.000       1.2552
  49.000       1.7084
  50.000       1.8844
  51.000       1.5624
  52.000       1.4253
  53.000       1.3335
  54.000       1.1482
  55.000       1.2592
  56.000       1.4607
  57.000       1.3157
  58.000       1.1442
  59.000       1.0538
  60.000       0.8544
  61.000       0.6388
  62.000       0.5785
  63.000       0.5212
  64.000       0.5036
  65.000       0.5238
  66.000       0.6002
  67.000       0.7139
  68.000       0.9222
  69.000       1.1520
  70.000       1.3265
  71.000       1.0421
  72.000       0.8012
  73.000       0.6224
  74.000       0.5387
  75.000       0.5295
  76.000       0.5010
  77.000       0.5007
  78.000       0.4691
  79.000       0.4873
  80.000       0.5417
  81.000       0.5755
  82.000       0.5325
  83.000       0.6132
  84.000       0.7282
  85.000       0.7873
  86.000       0.8474
  87.000       0.8056
  88.000       0.7633
  89.000       0.8200
  90.000       0.9995
  91.000       1.0404
  92.000       0.9716
  93.000       1.0845
  94.000       1.4036
  95.000       2.1879
  96.000       2.6919
  97.000       2.8758
  98.000       2.6958
  99.000       1.4834
 100.000       1.2332
 101.000       1.3886
 102.000       1.4640
 103.000       1.1776
 104.000       1.3615
 105.000       1.7227
 106.000       1.8056
 107.000       1.8178
 108.000       2.3215
 109.000       2.6398
 110.000       2.7358
 111.000       2.0793
 112.000       1.5133
 113.000       1.3488
 114.000       1.4179
 115.000       1.3118
 116.000       1.0646
 117.000       1.5268
 118.000       1.5178
 119.000       1.1557
 120.000       1.2389
 121.000       0.9066
 122.000       1.1521
 123.000       0.7830
 124.000       0.7933
 125.000       0.8310
 126.000       0.6764
 127.000       0.7577
 128.000       0.8388
 129.000       0.7524
 130.000       0.6515
 131.000       0.6791
 132.000       0.5510
 133.000       0.5104
 134.000       0.4936
 135.000       0.5069
 136.000       0.4613
 137.000       0.4359
 138.000       0.4754
 139.000       0.6351
 140.000       0.9121
 141.000       1.0542
 142.000       0.8560
 143.000       0.7462
 144.000       0.5344
 145.000       0.5157
 146.000       0.5604
 147.000       0.5374
 148.000       0.5126
 149.000       0.5225
 150.000       0.9527
 151.000       1.7490
 152.000       2.1673
 153.000       1.5020
 154.000       0.8285
 155.000       0.5580
 156.000       0.5624
 157.000       0.5590
 158.000       0.7666
 159.000       1.0508
 160.000       0.9563
 161.000       1.7253
 162.000       1.4726
 163.000       1.3891
 164.000       1.1750
 165.000       0.9061
 166.000       0.9896
 167.000       0.5481
 168.000       0.4869
 169.000       0.4379
 170.000       0.4733
 171.000       0.4926
 172.000       0.4906
 173.000       0.5040
 174.000       0.5405
 175.000       0.6568
 176.000       0.8491
 177.000       1.0779
 178.000       1.2489
 179.000       0.9559
 180.000       0.9704
 181.000       1.1515
 182.000       1.1410
 183.000       0.9413
 184.000       0.9862
 185.000       1.1002
 186.000       1.1612
 187.000       0.9797
 188.000       0.8236
 189.000       0.9136
 190.000       1.0619
 191.000       1.0571
 192.000       1.0357
 193.000       1.2140
 194.000       1.4952
 195.000       1.7419
 196.000       2.0116
 197.000       1.7139
 198.000       1.3642
 199.000       0.9867
 200.000       1.1561
 201.000       0.7670
 202.000       0.7166
 203.000       0.6732
 204.000       0.6976
 205.000       0.7194
 206.000       1.3021
 207.000       1.9484
 208.000       3.7507
 209.000       5.2539
 210.000       6.8105
