#Res        AtomicFlx
   1.000       7.2120
   2.000       5.8696
   3.000       4.1068
   4.000       3.7673
   5.000       2.6446
   6.000       2.3347
   7.000       1.7409
   8.000       1.7605
   9.000       1.8898
  10.000       1.5500
  11.000       1.2878
  12.000       1.5275
  13.000       1.5357
  14.000       1.2882
  15.000       1.3335
  16.000       1.4766
  17.000       1.3845
  18.000       1.3609
  19.000       1.8586
  20.000       1.9930
  21.000       1.7305
  22.000       2.0907
  23.000       3.0402
  24.000       3.1164
  25.000       2.8308
  26.000       2.1110
  27.000       1.4140
  28.000       1.0590
  29.000       1.0882
  30.000       0.8957
  31.000       0.9419
  32.000       0.9200
  33.000       0.8938
  34.000       0.8402
  35.000       0.9876
  36.000       1.0265
  37.000       0.8810
  38.000       0.9633
  39.000       1.1229
  40.000       0.9960
  41.000       0.8890
  42.000       1.1341
  43.000       1.2571
  44.000       1.1600
  45.000       1.3494
  46.000       1.6470
  47.000       1.7194
  48.000       1.7633
  49.000       2.3256
  50.000       2.6890
  51.000       2.7961
  52.000       3.2546
  53.000       3.3544
  54.000       2.5053
  55.000       2.3842
  56.000       2.9216
  57.000       2.6491
  58.000       2.4125
  59.000       2.0694
  60.000       1.3262
  61.000       0.8418
  62.000       0.7314
  63.000       0.6551
  64.000       0.6152
  65.000       0.5688
  66.000       0.6803
  67.000       0.9125
  68.000       1.6821
  69.000       2.0265
  70.000       2.3799
  71.000       1.7965
  72.000       1.4649
  73.000       0.9825
  74.000       0.7084
  75.000       0.6330
  76.000       0.6093
  77.000       0.6222
  78.000       0.6664
  79.000       0.7223
  80.000       0.8324
  81.000       1.0023
  82.000       0.8870
  83.000       1.0373
  84.000       1.2097
  85.000       1.1957
  86.000       1.2496
  87.000       1.1011
  88.000       0.8910
  89.000       0.9559
  90.000       1.2298
  91.000       1.2906
  92.000       1.0157
  93.000       1.0872
  94.000       1.2317
  95.000       1.2618
  96.000       1.5287
  97.000       1.6709
  98.000       2.0858
  99.000       2.7677
 100.000       2.8903
 101.000       2.1782
 102.000       2.2520
 103.000       2.3746
 104.000       2.0172
 105.000       2.8013
 106.000       4.0324
 107.000       3.9692
 108.000       3.6031
 109.000       4.5994
 110.000       4.8207
 111.000       3.6624
 112.000       4.0561
 113.000       4.3451
 114.000       4.2862
 115.000       3.6048
 116.000       3.2911
 117.000       2.9160
 118.000       2.4376
 119.000       2.0047
 120.000       1.8579
 121.000       1.4606
 122.000       1.7411
 123.000       2.0571
 124.000       2.2110
 125.000       1.5101
 126.000       1.2140
 127.000       1.1793
 128.000       1.2730
 129.000       1.2791
 130.000       1.1487
 131.000       1.0558
 132.000       1.6872
 133.000       2.1039
 134.000       1.5887
 135.000       0.9820
 136.000       0.8160
 137.000       0.8527
 138.000       0.7682
 139.000       0.6919
 140.000       0.6758
 141.000       0.7020
 142.000       0.7285
 143.000       0.8402
 144.000       0.9601
 145.000       1.4346
 146.000       1.6383
 147.000       1.3384
 148.000       1.1707
 149.000       0.8928
 150.000       0.8508
 151.000       0.8364
 152.000       0.7779
 153.000       0.8013
 154.000       0.9450
 155.000       1.2649
 156.000       1.8654
 157.000       1.3407
 158.000       1.0633
 159.000       0.9155
 160.000       0.9409
 161.000       0.9119
 162.000       1.1070
 163.000       1.1489
 164.000       1.0723
 165.000       1.4186
 166.000       1.3718
 167.000       1.3043
 168.000       1.0941
 169.000       1.0456
 170.000       0.9253
 171.000       1.0555
 172.000       0.8927
 173.000       0.7632
 174.000       0.6763
 175.000       0.6107
 176.000       0.6663
 177.000       0.6244
 178.000       0.6595
 179.000       0.7862
 180.000       1.0609
 181.000       1.3590
 182.000       1.9053
 183.000       2.2533
 184.000       1.7859
 185.000       1.6402
 186.000       1.9828
 187.000       2.1450
 188.000       1.7180
 189.000       1.1927
 190.000       1.0286
 191.000       1.0334
 192.000       1.0770
 193.000       0.8544
 194.000       0.8780
 195.000       1.0916
 196.000       1.1022
 197.000       0.9810
 198.000       1.1731
 199.000       1.3671
 200.000       1.2989
 201.000       1.2455
 202.000       1.5628
 203.000       1.6655
 204.000       1.2831
 205.000       1.4483
 206.000       1.0018
 207.000       0.9540
 208.000       0.7252
 209.000       0.6915
 210.000       0.6315
 211.000       0.7230
 212.000       0.8479
 213.000       1.1466
 214.000       1.9820
 215.000       3.0814
 216.000       5.0956
 217.000       6.8412
 218.000       7.1926
 219.000       5.7101
 220.000       3.6202
 221.000       2.1841
 222.000       1.6740
 223.000       1.2224
 224.000       1.1433
 225.000       0.9419
 226.000       0.9372
 227.000       0.9234
 228.000       0.9945
 229.000       1.7415
