#Res        AtomicFlx
   1.000       4.8278
   2.000       3.1231
   3.000       2.2074
   4.000       1.6504
   5.000       1.8416
   6.000       1.6887
   7.000       1.2238
   8.000       1.3661
   9.000       1.5125
  10.000       1.2387
  11.000       1.1033
  12.000       1.3840
  13.000       1.3994
  14.000       1.1703
  15.000       1.2325
  16.000       1.4400
  17.000       1.3375
  18.000       1.1867
  19.000       1.4424
  20.000       1.5958
  21.000       1.5571
  22.000       1.6655
  23.000       2.1718
  24.000       2.5143
  25.000       2.6778
  26.000       2.6782
  27.000       1.5738
  28.000       1.3110
  29.000       1.2760
  30.000       0.9855
  31.000       0.9887
  32.000       0.9472
  33.000       0.9224
  34.000       0.8687
  35.000       0.9008
  36.000       0.9573
  37.000       0.8313
  38.000       0.8782
  39.000       1.0308
  40.000       0.9348
  41.000       0.8253
  42.000       1.0405
  43.000       1.1609
  44.000       1.1259
  45.000       1.2146
  46.000       1.5820
  47.000       1.6980
  48.000       1.7709
  49.000       2.3222
  50.000       2.6619
  51.000       2.6554
  52.000       3.0339
  53.000       3.0356
  54.000       2.6524
  55.000       2.8394
  56.000       3.3644
  57.000       3.2360
  58.000       3.0858
  59.000       2.5828
  60.000       1.1781
  61.000       0.8083
  62.000       0.6991
  63.000       0.6408
  64.000       0.6037
  65.000       0.5670
  66.000       0.6520
  67.000       0.8386
  68.000       1.4002
  69.000       1.6637
  70.000       1.8781
  71.000       1.3319
  72.000       0.9962
  73.000       0.7697
  74.000       0.6207
  75.000       0.6009
  76.000       0.6410
  77.000       0.6360
  78.000       0.7146
  79.000       0.7419
  80.000       0.8324
  81.000       0.9936
  82.000       0.8087
  83.000       0.9587
  84.000       1.1617
  85.000       1.2164
  86.000       1.3512
  87.000       1.1904
  88.000       0.9138
  89.000       1.0602
  90.000       1.1940
  91.000       1.1433
  92.000       0.8951
  93.000       0.9232
  94.000       1.0306
  95.000       0.9479
  96.000       0.8873
  97.000       1.0511
  98.000       1.3132
  99.000       1.9180
 100.000       3.0320
 101.000       3.5396
 102.000       2.9766
 103.000       2.0697
 104.000       2.5385
 105.000       2.5702
 106.000       2.5215
 107.000       2.9033
 108.000       3.6091
 109.000       4.4592
 110.000       4.1671
 111.000       3.4835
 112.000       4.5332
 113.000       4.5273
 114.000       3.9915
 115.000       2.9258
 116.000       2.0717
 117.000       1.7588
 118.000       1.8137
 119.000       1.5800
 120.000       1.1271
 121.000       1.1096
 122.000       1.4566
 123.000       1.2755
 124.000       1.1080
 125.000       1.0373
 126.000       1.0669
 127.000       1.0168
 128.000       0.7911
 129.000       0.7416
 130.000       0.9328
 131.000       0.8754
 132.000       0.9683
 133.000       1.2046
 134.000       1.0466
 135.000       0.7750
 136.000       0.7807
 137.000       0.6864
 138.000       0.6283
 139.000       0.6550
 140.000       0.6407
 141.000       0.6142
 142.000       0.6333
 143.000       0.7342
 144.000       0.8323
 145.000       1.3080
 146.000       1.5072
 147.000       1.2582
 148.000       1.0782
 149.000       0.8001
 150.000       0.7614
 151.000       0.7274
 152.000       0.6880
 153.000       0.6780
 154.000       0.6808
 155.000       0.7587
 156.000       0.8241
 157.000       0.9501
 158.000       0.9118
 159.000       0.8267
 160.000       0.9003
 161.000       0.8947
 162.000       1.0062
 163.000       1.0309
 164.000       1.0304
 165.000       1.4401
 166.000       1.4615
 167.000       1.3254
 168.000       1.0872
 169.000       1.0996
 170.000       0.9245
 171.000       1.0716
 172.000       0.8661
 173.000       0.7223
 174.000       0.6202
 175.000       0.5844
 176.000       0.6512
 177.000       0.6080
 178.000       0.5979
 179.000       0.6862
 180.000       0.8167
 181.000       0.9605
 182.000       1.2536
 183.000       1.5980
 184.000       1.4583
 185.000       1.5100
 186.000       1.7322
 187.000       1.9721
 188.000       1.6757
 189.000       1.2249
 190.000       1.1144
 191.000       1.1560
 192.000       1.1317
 193.000       0.9099
 194.000       0.9174
 195.000       1.1026
 196.000       1.0940
 197.000       0.9641
 198.000       1.0851
 199.000       1.2433
 200.000       1.1555
 201.000       1.1406
 202.000       1.3595
 203.000       1.2674
 204.000       1.0919
 205.000       1.2725
 206.000       0.9235
 207.000       0.8757
 208.000       0.7297
 209.000       0.6696
 210.000       0.6481
 211.000       0.7099
 212.000       0.8522
 213.000       1.1263
 214.000       1.9310
 215.000       2.7970
 216.000       4.7969
 217.000       6.4040
 218.000       6.6898
 219.000       5.1619
 220.000       3.5046
 221.000       2.1932
 222.000       1.6930
 223.000       1.1712
 224.000       1.0758
 225.000       0.8832
 226.000       0.8891
 227.000       0.8928
 228.000       1.0981
 229.000       1.8487
