#Res        AtomicFlx
   1.000       5.8105
   2.000       4.2783
   3.000       3.3787
   4.000       3.0427
   5.000       3.2070
   6.000       2.7296
   7.000       2.1307
   8.000       2.2925
   9.000       2.2653
  10.000       1.6984
  11.000       1.3985
  12.000       1.7234
  13.000       1.5755
  14.000       1.1197
  15.000       1.2656
  16.000       1.4694
  17.000       1.3158
  18.000       1.2576
  19.000       1.5825
  20.000       1.6586
  21.000       1.7545
  22.000       2.0196
  23.000       2.2512
  24.000       2.3714
  25.000       2.4887
  26.000       2.1840
  27.000       1.7037
  28.000       1.0846
  29.000       0.9334
  30.000       0.8100
  31.000       0.8057
  32.000       0.7970
  33.000       0.7718
  34.000       0.7233
  35.000       0.8091
  36.000       0.8585
  37.000       0.7746
  38.000       0.8614
  39.000       0.9889
  40.000       0.8878
  41.000       0.8453
  42.000       1.0527
  43.000       1.1376
  44.000       1.1351
  45.000       1.4599
  46.000       1.7641
  47.000       1.7434
  48.000       1.7641
  49.000       2.4456
  50.000       2.8598
  51.000       3.0233
  52.000       3.6063
  53.000       3.8086
  54.000       2.7179
  55.000       2.7194
  56.000       3.3972
  57.000       3.5060
  58.000       3.3720
  59.000       2.4531
  60.000       1.2400
  61.000       0.8735
  62.000       0.7740
  63.000       0.6790
  64.000       0.6284
  65.000       0.5569
  66.000       0.5919
  67.000       0.7273
  68.000       1.1445
  69.000       1.3546
  70.000       1.5785
  71.000       1.1615
  72.000       0.9005
  73.000       0.6727
  74.000       0.5388
  75.000       0.5533
  76.000       0.5628
  77.000       0.6243
  78.000       0.6641
  79.000       0.7168
  80.000       0.7782
  81.000       0.9015
  82.000       0.7810
  83.000       0.8997
  84.000       1.1760
  85.000       1.2104
  86.000       1.3202
  87.000       1.1716
  88.000       0.9360
  89.000       1.1815
  90.000       1.5776
  91.000       1.6240
  92.000       1.1150
  93.000       0.9606
  94.000       1.1966
  95.000       1.0270
  96.000       0.9274
  97.000       1.3221
  98.000       2.9439
  99.000       3.0694
 100.000       3.2184
 101.000       3.6775
 102.000       3.9224
 103.000       3.3500
 104.000       3.0318
 105.000       4.0675
 106.000       4.3529
 107.000       3.3291
 108.000       3.6346
 109.000       3.7513
 110.000       3.6841
 111.000       3.6337
 112.000       3.8484
 113.000       3.8470
 114.000       4.4892
 115.000       3.2801
 116.000       3.3068
 117.000       2.8080
 118.000       2.5968
 119.000       2.5166
 120.000       1.8361
 121.000       1.4139
 122.000       1.9002
 123.000       2.2424
 124.000       1.6115
 125.000       1.2054
 126.000       1.0250
 127.000       1.0663
 128.000       0.9669
 129.000       0.9594
 130.000       1.0207
 131.000       0.9473
 132.000       1.2546
 133.000       1.4450
 134.000       1.1079
 135.000       0.8118
 136.000       0.8475
 137.000       0.7586
 138.000       0.6560
 139.000       0.6166
 140.000       0.5954
 141.000       0.5967
 142.000       0.6455
 143.000       0.7623
 144.000       0.9099
 145.000       1.4456
 146.000       1.6514
 147.000       1.3587
 148.000       1.1741
 149.000       0.8507
 150.000       0.8290
 151.000       0.7109
 152.000       0.6775
 153.000       0.7135
 154.000       0.8568
 155.000       1.2331
 156.000       1.7325
 157.000       1.3763
 158.000       1.0779
 159.000       0.9326
 160.000       0.9527
 161.000       0.9245
 162.000       1.1193
 163.000       1.1903
 164.000       1.1120
 165.000       1.5428
 166.000       1.5124
 167.000       1.3900
 168.000       1.0609
 169.000       1.0447
 170.000       0.8929
 171.000       1.0353
 172.000       0.8680
 173.000       0.6995
 174.000       0.6115
 175.000       0.5642
 176.000       0.5606
 177.000       0.5427
 178.000       0.5767
 179.000       0.6629
 180.000       0.7763
 181.000       1.0452
 182.000       1.4487
 183.000       1.7434
 184.000       1.2978
 185.000       1.3858
 186.000       1.7076
 187.000       1.9742
 188.000       1.8021
 189.000       1.1512
 190.000       1.0591
 191.000       1.0451
 192.000       1.0216
 193.000       0.8428
 194.000       0.8600
 195.000       1.0021
 196.000       0.9995
 197.000       0.9179
 198.000       1.0385
 199.000       1.1879
 200.000       1.0924
 201.000       1.0739
 202.000       1.2845
 203.000       1.3501
 204.000       1.1257
 205.000       1.3221
 206.000       0.9860
 207.000       0.9297
 208.000       0.7259
 209.000       0.6920
 210.000       0.6454
 211.000       0.6865
 212.000       0.8153
 213.000       1.0529
 214.000       1.5912
 215.000       2.5828
 216.000       3.6643
 217.000       4.9962
 218.000       5.1467
 219.000       4.3752
 220.000       2.9175
 221.000       2.0317
 222.000       1.5161
 223.000       1.0969
 224.000       1.0272
 225.000       0.8698
 226.000       0.9076
 227.000       0.8965
 228.000       1.1106
 229.000       1.7948
