#Res        AtomicFlx
   1.000       1.8168
   2.000       1.1976
   3.000       1.1011
   4.000       0.9798
   5.000       1.0704
   6.000       1.2418
   7.000       1.1210
   8.000       1.3044
   9.000       1.3649
  10.000       1.4324
  11.000       1.2042
  12.000       1.0701
  13.000       1.1318
  14.000       1.1249
  15.000       1.1913
  16.000       1.2412
  17.000       1.1056
  18.000       1.1236
  19.000       1.4089
  20.000       1.3849
  21.000       1.3448
  22.000       1.3638
  23.000       1.2818
  24.000       1.7977
  25.000       1.6619
  26.000       0.9110
  27.000       0.9869
  28.000       1.0663
  29.000       0.9234
  30.000       0.8251
  31.000       0.8224
  32.000       0.7653
  33.000       0.6783
  34.000       0.6468
  35.000       0.7108
  36.000       0.7495
  37.000       0.6366
  38.000       0.6786
  39.000       0.7584
  40.000       0.6693
  41.000       0.6002
  42.000       0.7253
  43.000       0.7608
  44.000       0.6844
  45.000       0.8298
  46.000       1.0623
  47.000       1.0713
  48.000       1.1851
  49.000       1.6305
  50.000       1.7673
  51.000       1.4719
  52.000       1.3753
  53.000       1.2768
  54.000       1.1216
  55.000       1.2671
  56.000       1.4660
  57.000       1.3750
  58.000       1.1881
  59.000       1.0494
  60.000       0.8602
  61.000       0.6496
  62.000       0.6531
  63.000       0.5828
  64.000       0.5721
  65.000       0.5485
  66.000       0.5940
  67.000       0.7121
  68.000       1.0093
  69.000       1.3511
  70.000       1.5849
  71.000       1.2225
  72.000       0.9204
  73.000       0.6531
  74.000       0.5605
  75.000       0.5485
  76.000       0.5359
  77.000       0.5409
  78.000       0.5007
  79.000       0.5256
  80.000       0.5580
  81.000       0.6106
  82.000       0.6078
  83.000       0.7216
  84.000       0.9254
  85.000       1.0357
  86.000       1.1222
  87.000       0.9958
  88.000       0.9502
  89.000       1.1181
  90.000       1.3259
  91.000       1.3690
  92.000       1.2437
  93.000       1.7557
  94.000       2.0458
  95.000       1.9631
  96.000       3.2487
  97.000       3.8977
  98.000       3.4354
  99.000       2.2901
 100.000       2.2792
 101.000       2.1733
 102.000       2.0275
 103.000       1.7115
 104.000       1.8803
 105.000       2.1820
 106.000       2.1835
 107.000       2.2240
 108.000       2.5684
 109.000       2.8466
 110.000       3.0593
 111.000       2.6496
 112.000       2.6129
 113.000       2.7653
 114.000       2.5710
 115.000       2.0436
 116.000       1.7941
 117.000       1.8426
 118.000       1.6857
 119.000       1.5185
 120.000       1.5843
 121.000       1.2095
 122.000       1.5019
 123.000       1.1754
 124.000       0.9683
 125.000       0.9492
 126.000       0.7741
 127.000       0.8496
 128.000       0.9055
 129.000       0.8306
 130.000       0.7492
 131.000       0.7941
 132.000       0.6636
 133.000       0.6038
 134.000       0.5540
 135.000       0.5707
 136.000       0.5401
 137.000       0.5398
 138.000       0.5826
 139.000       0.6767
 140.000       0.9172
 141.000       1.1107
 142.000       0.9517
 143.000       0.8891
 144.000       0.6557
 145.000       0.6127
 146.000       0.6533
 147.000       0.6260
 148.000       0.6258
 149.000       0.7754
 150.000       1.7277
 151.000       2.6172
 152.000       2.2918
 153.000       1.7975
 154.000       1.0947
 155.000       0.7693
 156.000       0.7191
 157.000       0.6932
 158.000       0.7384
 159.000       0.9186
 160.000       0.8964
 161.000       1.5271
 162.000       1.4736
 163.000       1.4282
 164.000       1.1760
 165.000       0.9905
 166.000       1.1296
 167.000       0.6078
 168.000       0.5560
 169.000       0.5022
 170.000       0.5310
 171.000       0.5521
 172.000       0.5451
 173.000       0.6027
 174.000       0.6315
 175.000       0.7676
 176.000       0.9403
 177.000       1.1118
 178.000       1.3124
 179.000       1.1262
 180.000       1.1142
 181.000       1.3932
 182.000       1.4927
 183.000       1.2563
 184.000       1.3210
 185.000       1.4127
 186.000       1.2815
 187.000       1.0826
 188.000       0.9449
 189.000       1.0105
 190.000       1.0854
 191.000       1.1527
 192.000       1.1759
 193.000       1.4042
 194.000       1.6816
 195.000       1.9468
 196.000       2.2875
 197.000       2.0454
 198.000       1.5478
 199.000       1.0429
 200.000       1.1760
 201.000       0.8295
 202.000       0.8304
 203.000       0.7667
 204.000       0.8168
 205.000       0.7555
 206.000       1.4830
 207.000       2.0260
 208.000       4.2105
 209.000       6.1323
 210.000       8.2771
